332 177
333 177
334 177
335 177
326 176
327 176
328 176
329 176
330 176
331 176
332 176
333 176
319 175
320 175
321 175
322 175
323 175
324 175
325 175
326 175
327 175
328 175
329 175
330 175
331 175
313 174
314 174
315 174
316 174
317 174
318 174
319 174
320 174
321 174
322 174
323 174
324 174
325 174
326 174
327 174
328 174
329 174
307 173
308 173
309 173
310 173
311 173
312 173
313 173
314 173
315 173
316 173
317 173
318 173
319 173
320 173
321 173
322 173
323 173
324 173
325 173
326 173
327 173
301 172
302 172
303 172
304 172
305 172
306 172
307 172
308 172
309 172
310 172
311 172
312 172
313 172
314 172
315 172
316 172
317 172
318 172
319 172
320 172
321 172
322 172
323 172
324 172
325 172
294 171
295 171
296 171
297 171
298 171
299 171
300 171
301 171
302 171
303 171
304 171
305 171
306 171
307 171
308 171
309 171
310 171
311 171
312 171
313 171
314 171
315 171
316 171
317 171
318 171
319 171
320 171
321 171
322 171
323 171
288 170
289 170
290 170
291 170
292 170
293 170
294 170
295 170
296 170
297 170
298 170
299 170
300 170
301 170
302 170
303 170
304 170
305 170
306 170
307 170
308 170
309 170
310 170
311 170
312 170
313 170
314 170
315 170
316 170
317 170
318 170
319 170
320 170
282 169
283 169
284 169
285 169
286 169
287 169
288 169
289 169
290 169
291 169
292 169
293 169
294 169
295 169
296 169
297 169
298 169
299 169
300 169
301 169
302 169
303 169
304 169
305 169
306 169
307 169
308 169
309 169
310 169
311 169
312 169
313 169
314 169
315 169
316 169
317 169
318 169
275 168
276 168
277 168
278 168
279 168
280 168
281 168
282 168
283 168
284 168
285 168
286 168
287 168
288 168
289 168
290 168
291 168
292 168
293 168
294 168
295 168
296 168
297 168
298 168
299 168
300 168
301 168
302 168
303 168
304 168
305 168
306 168
307 168
308 168
309 168
310 168
311 168
312 168
313 168
314 168
315 168
316 168
269 167
270 167
271 167
272 167
273 167
274 167
275 167
276 167
277 167
278 167
279 167
280 167
281 167
282 167
283 167
284 167
285 167
286 167
287 167
288 167
289 167
290 167
291 167
292 167
293 167
294 167
295 167
296 167
297 167
298 167
299 167
300 167
301 167
302 167
303 167
304 167
305 167
306 167
307 167
308 167
309 167
310 167
311 167
312 167
313 167
314 167
262 166
263 166
264 166
265 166
266 166
267 166
268 166
269 166
270 166
271 166
272 166
273 166
274 166
275 166
276 166
277 166
278 166
279 166
280 166
281 166
282 166
283 166
284 166
285 166
286 166
287 166
288 166
289 166
290 166
291 166
292 166
293 166
294 166
295 166
296 166
297 166
298 166
299 166
300 166
301 166
302 166
303 166
304 166
305 166
306 166
307 166
308 166
309 166
310 166
311 166
256 165
257 165
258 165
259 165
260 165
261 165
262 165
263 165
264 165
265 165
266 165
267 165
268 165
269 165
270 165
271 165
272 165
273 165
274 165
275 165
276 165
277 165
278 165
279 165
280 165
281 165
282 165
283 165
284 165
285 165
286 165
287 165
288 165
289 165
290 165
291 165
292 165
293 165
294 165
295 165
296 165
297 165
298 165
299 165
300 165
301 165
302 165
303 165
304 165
305 165
306 165
307 165
308 165
309 165
249 164
250 164
251 164
252 164
253 164
254 164
255 164
256 164
257 164
258 164
259 164
260 164
261 164
262 164
263 164
264 164
265 164
266 164
267 164
268 164
269 164
270 164
271 164
272 164
273 164
274 164
275 164
276 164
277 164
278 164
279 164
280 164
281 164
282 164
283 164
284 164
285 164
286 164
287 164
288 164
289 164
290 164
291 164
292 164
293 164
294 164
295 164
296 164
297 164
298 164
299 164
300 164
301 164
302 164
303 164
304 164
305 164
306 164
307 164
243 163
244 163
245 163
246 163
247 163
248 163
249 163
250 163
251 163
252 163
253 163
254 163
255 163
256 163
257 163
258 163
259 163
260 163
261 163
262 163
263 163
264 163
265 163
266 163
267 163
268 163
269 163
270 163
271 163
272 163
273 163
274 163
275 163
276 163
277 163
278 163
279 163
280 163
281 163
282 163
283 163
284 163
285 163
286 163
287 163
288 163
289 163
290 163
291 163
292 163
293 163
294 163
295 163
296 163
297 163
298 163
299 163
300 163
301 163
302 163
303 163
304 163
305 163
236 162
237 162
238 162
239 162
240 162
241 162
242 162
243 162
244 162
245 162
246 162
247 162
248 162
249 162
250 162
251 162
252 162
253 162
254 162
255 162
256 162
257 162
258 162
259 162
260 162
261 162
262 162
263 162
264 162
265 162
266 162
267 162
268 162
269 162
270 162
271 162
272 162
273 162
274 162
275 162
276 162
277 162
278 162
279 162
280 162
281 162
282 162
283 162
284 162
285 162
286 162
287 162
288 162
289 162
290 162
291 162
292 162
293 162
294 162
295 162
296 162
297 162
298 162
299 162
300 162
301 162
302 162
229 161
230 161
231 161
232 161
233 161
234 161
235 161
236 161
237 161
238 161
239 161
240 161
241 161
242 161
243 161
244 161
245 161
246 161
247 161
248 161
249 161
250 161
251 161
252 161
253 161
254 161
255 161
256 161
257 161
258 161
259 161
260 161
261 161
262 161
263 161
264 161
265 161
266 161
267 161
268 161
269 161
270 161
271 161
272 161
273 161
274 161
275 161
276 161
277 161
278 161
279 161
280 161
281 161
282 161
283 161
284 161
285 161
286 161
287 161
288 161
289 161
290 161
291 161
292 161
293 161
294 161
295 161
296 161
297 161
298 161
299 161
300 161
223 160
224 160
225 160
226 160
227 160
228 160
229 160
230 160
231 160
232 160
233 160
234 160
235 160
236 160
237 160
238 160
239 160
240 160
241 160
242 160
243 160
244 160
245 160
246 160
247 160
248 160
249 160
250 160
251 160
252 160
253 160
254 160
255 160
256 160
257 160
258 160
259 160
260 160
261 160
262 160
263 160
264 160
265 160
266 160
267 160
268 160
269 160
270 160
271 160
272 160
273 160
274 160
275 160
276 160
277 160
278 160
279 160
280 160
281 160
282 160
283 160
284 160
285 160
286 160
287 160
288 160
289 160
290 160
291 160
292 160
293 160
294 160
295 160
296 160
297 160
217 159
218 159
219 159
220 159
221 159
222 159
223 159
224 159
225 159
226 159
227 159
228 159
229 159
230 159
231 159
232 159
233 159
234 159
235 159
236 159
237 159
238 159
239 159
240 159
241 159
242 159
243 159
244 159
245 159
246 159
247 159
248 159
249 159
250 159
251 159
252 159
253 159
254 159
255 159
256 159
257 159
258 159
259 159
260 159
261 159
262 159
263 159
264 159
265 159
266 159
267 159
268 159
269 159
270 159
271 159
272 159
273 159
274 159
275 159
276 159
277 159
278 159
279 159
280 159
281 159
282 159
283 159
284 159
285 159
286 159
287 159
288 159
289 159
290 159
291 159
292 159
293 159
294 159
295 159
210 158
211 158
212 158
213 158
214 158
215 158
216 158
217 158
218 158
219 158
220 158
221 158
222 158
223 158
224 158
225 158
226 158
227 158
228 158
229 158
230 158
231 158
232 158
233 158
234 158
235 158
236 158
237 158
238 158
239 158
240 158
241 158
242 158
243 158
244 158
245 158
246 158
247 158
248 158
249 158
250 158
251 158
252 158
253 158
254 158
255 158
256 158
257 158
258 158
259 158
260 158
261 158
262 158
263 158
264 158
265 158
266 158
267 158
268 158
269 158
270 158
271 158
272 158
273 158
274 158
275 158
276 158
277 158
278 158
279 158
280 158
281 158
282 158
283 158
284 158
285 158
286 158
287 158
288 158
289 158
290 158
291 158
292 158
293 158
204 157
205 157
206 157
207 157
208 157
209 157
210 157
211 157
212 157
213 157
214 157
215 157
216 157
217 157
218 157
219 157
220 157
221 157
222 157
223 157
224 157
225 157
226 157
227 157
228 157
229 157
230 157
231 157
232 157
233 157
234 157
235 157
236 157
237 157
238 157
239 157
240 157
241 157
242 157
243 157
244 157
245 157
246 157
247 157
248 157
249 157
250 157
251 157
252 157
253 157
254 157
255 157
256 157
257 157
258 157
259 157
260 157
261 157
262 157
263 157
264 157
265 157
266 157
267 157
268 157
269 157
270 157
271 157
272 157
273 157
274 157
275 157
276 157
277 157
278 157
279 157
280 157
281 157
282 157
283 157
284 157
285 157
286 157
287 157
288 157
289 157
290 157
198 156
199 156
200 156
201 156
202 156
203 156
204 156
205 156
206 156
207 156
208 156
209 156
210 156
211 156
212 156
213 156
214 156
215 156
216 156
217 156
218 156
219 156
220 156
221 156
222 156
223 156
224 156
225 156
226 156
227 156
228 156
229 156
230 156
231 156
232 156
233 156
234 156
235 156
236 156
237 156
238 156
239 156
240 156
241 156
242 156
243 156
244 156
245 156
246 156
247 156
248 156
249 156
250 156
251 156
252 156
253 156
254 156
255 156
256 156
257 156
258 156
259 156
260 156
261 156
262 156
263 156
264 156
265 156
266 156
267 156
268 156
269 156
270 156
271 156
272 156
273 156
274 156
275 156
276 156
277 156
278 156
279 156
280 156
281 156
282 156
283 156
284 156
285 156
286 156
287 156
288 156
192 155
193 155
194 155
195 155
196 155
197 155
198 155
199 155
200 155
201 155
202 155
203 155
204 155
205 155
206 155
207 155
208 155
209 155
210 155
211 155
212 155
213 155
214 155
215 155
216 155
217 155
218 155
219 155
220 155
221 155
222 155
223 155
224 155
225 155
226 155
227 155
228 155
229 155
230 155
231 155
232 155
233 155
234 155
235 155
236 155
237 155
238 155
239 155
240 155
241 155
242 155
243 155
244 155
245 155
246 155
247 155
248 155
249 155
250 155
251 155
252 155
253 155
254 155
255 155
256 155
257 155
258 155
259 155
260 155
261 155
262 155
263 155
264 155
265 155
266 155
267 155
268 155
269 155
270 155
271 155
272 155
273 155
274 155
275 155
276 155
277 155
278 155
279 155
280 155
281 155
282 155
283 155
284 155
285 155
187 154
188 154
189 154
190 154
191 154
192 154
193 154
194 154
195 154
196 154
197 154
198 154
199 154
200 154
201 154
202 154
203 154
204 154
205 154
206 154
207 154
208 154
209 154
210 154
211 154
212 154
213 154
214 154
215 154
216 154
217 154
218 154
219 154
220 154
221 154
222 154
223 154
224 154
225 154
226 154
227 154
228 154
229 154
230 154
231 154
232 154
233 154
234 154
235 154
236 154
237 154
238 154
239 154
240 154
241 154
242 154
243 154
244 154
245 154
246 154
247 154
248 154
249 154
250 154
251 154
252 154
253 154
254 154
255 154
256 154
257 154
258 154
259 154
260 154
261 154
262 154
263 154
264 154
265 154
266 154
267 154
268 154
269 154
270 154
271 154
272 154
273 154
274 154
275 154
276 154
277 154
278 154
279 154
280 154
281 154
282 154
283 154
181 153
182 153
183 153
184 153
185 153
186 153
187 153
188 153
189 153
190 153
191 153
192 153
193 153
194 153
195 153
196 153
197 153
198 153
199 153
200 153
201 153
202 153
203 153
204 153
205 153
206 153
207 153
208 153
209 153
210 153
211 153
212 153
213 153
214 153
215 153
216 153
217 153
218 153
219 153
220 153
221 153
222 153
223 153
224 153
225 153
226 153
227 153
228 153
229 153
230 153
231 153
232 153
233 153
234 153
235 153
236 153
237 153
238 153
239 153
240 153
241 153
242 153
243 153
244 153
245 153
246 153
247 153
248 153
249 153
250 153
251 153
252 153
253 153
254 153
255 153
256 153
257 153
258 153
259 153
260 153
261 153
262 153
263 153
264 153
265 153
266 153
267 153
268 153
269 153
270 153
271 153
272 153
273 153
274 153
275 153
276 153
277 153
278 153
279 153
280 153
176 152
177 152
178 152
179 152
180 152
181 152
182 152
183 152
184 152
185 152
186 152
187 152
188 152
189 152
190 152
191 152
192 152
193 152
194 152
195 152
196 152
197 152
198 152
199 152
200 152
201 152
202 152
203 152
204 152
205 152
206 152
207 152
208 152
209 152
210 152
211 152
212 152
213 152
214 152
215 152
216 152
217 152
218 152
219 152
220 152
221 152
222 152
223 152
224 152
225 152
226 152
227 152
228 152
229 152
230 152
231 152
232 152
233 152
234 152
235 152
236 152
237 152
238 152
239 152
240 152
241 152
242 152
243 152
244 152
245 152
246 152
247 152
248 152
249 152
250 152
251 152
252 152
253 152
254 152
255 152
256 152
257 152
258 152
259 152
260 152
261 152
262 152
263 152
264 152
265 152
266 152
267 152
268 152
269 152
270 152
271 152
272 152
273 152
274 152
275 152
276 152
277 152
278 152
170 151
171 151
172 151
173 151
174 151
175 151
176 151
177 151
178 151
179 151
180 151
181 151
182 151
183 151
184 151
185 151
186 151
187 151
188 151
189 151
190 151
191 151
192 151
193 151
194 151
195 151
196 151
197 151
198 151
199 151
200 151
201 151
202 151
203 151
204 151
205 151
206 151
207 151
208 151
209 151
210 151
211 151
212 151
213 151
214 151
215 151
216 151
217 151
218 151
219 151
220 151
221 151
222 151
223 151
224 151
225 151
226 151
227 151
228 151
229 151
230 151
231 151
232 151
233 151
234 151
235 151
236 151
237 151
238 151
239 151
240 151
241 151
242 151
243 151
244 151
245 151
246 151
247 151
248 151
249 151
250 151
251 151
252 151
253 151
254 151
255 151
256 151
257 151
258 151
259 151
260 151
261 151
262 151
263 151
264 151
265 151
266 151
267 151
268 151
269 151
270 151
271 151
272 151
273 151
274 151
275 151
164 150
165 150
166 150
167 150
168 150
169 150
170 150
171 150
172 150
173 150
174 150
175 150
176 150
177 150
178 150
179 150
180 150
181 150
182 150
183 150
184 150
185 150
186 150
187 150
188 150
189 150
190 150
191 150
192 150
193 150
194 150
195 150
196 150
197 150
198 150
199 150
200 150
201 150
202 150
203 150
204 150
205 150
206 150
207 150
208 150
209 150
210 150
211 150
212 150
213 150
214 150
215 150
216 150
217 150
218 150
219 150
220 150
221 150
222 150
223 150
224 150
225 150
226 150
227 150
228 150
229 150
230 150
231 150
232 150
233 150
234 150
235 150
236 150
237 150
238 150
239 150
240 150
241 150
242 150
243 150
244 150
245 150
246 150
247 150
248 150
249 150
250 150
251 150
252 150
253 150
254 150
255 150
256 150
257 150
258 150
259 150
260 150
261 150
262 150
263 150
264 150
265 150
266 150
267 150
268 150
269 150
270 150
271 150
272 150
158 149
159 149
160 149
161 149
162 149
163 149
164 149
165 149
166 149
167 149
168 149
169 149
170 149
171 149
172 149
173 149
174 149
175 149
176 149
177 149
178 149
179 149
180 149
181 149
182 149
183 149
184 149
185 149
186 149
187 149
188 149
189 149
190 149
191 149
192 149
193 149
194 149
195 149
196 149
197 149
198 149
199 149
200 149
201 149
202 149
203 149
204 149
205 149
206 149
207 149
208 149
209 149
210 149
211 149
212 149
213 149
214 149
215 149
216 149
217 149
218 149
219 149
220 149
221 149
222 149
223 149
224 149
225 149
226 149
227 149
228 149
229 149
230 149
231 149
232 149
233 149
234 149
235 149
236 149
237 149
238 149
239 149
240 149
241 149
242 149
243 149
244 149
245 149
246 149
247 149
248 149
249 149
250 149
251 149
252 149
253 149
254 149
255 149
256 149
257 149
258 149
259 149
260 149
261 149
262 149
263 149
264 149
265 149
266 149
267 149
268 149
269 149
270 149
151 148
152 148
153 148
154 148
155 148
156 148
157 148
158 148
159 148
160 148
161 148
162 148
163 148
164 148
165 148
166 148
167 148
168 148
169 148
170 148
171 148
172 148
173 148
174 148
175 148
176 148
177 148
178 148
179 148
180 148
181 148
182 148
183 148
184 148
185 148
186 148
187 148
188 148
189 148
190 148
191 148
192 148
193 148
194 148
195 148
196 148
197 148
198 148
199 148
200 148
201 148
202 148
203 148
204 148
205 148
206 148
207 148
208 148
209 148
210 148
211 148
212 148
213 148
214 148
215 148
216 148
217 148
218 148
219 148
220 148
221 148
222 148
223 148
224 148
225 148
226 148
227 148
228 148
229 148
230 148
231 148
232 148
233 148
234 148
235 148
236 148
237 148
238 148
239 148
240 148
241 148
242 148
243 148
244 148
245 148
246 148
247 148
248 148
249 148
250 148
251 148
252 148
253 148
254 148
255 148
256 148
257 148
258 148
259 148
260 148
261 148
262 148
263 148
264 148
265 148
266 148
267 148
145 147
146 147
147 147
148 147
149 147
150 147
151 147
152 147
153 147
154 147
155 147
156 147
157 147
158 147
159 147
160 147
161 147
162 147
163 147
164 147
165 147
166 147
167 147
168 147
169 147
170 147
171 147
172 147
173 147
174 147
175 147
176 147
177 147
178 147
179 147
180 147
181 147
182 147
183 147
184 147
185 147
186 147
187 147
188 147
189 147
190 147
191 147
192 147
193 147
194 147
195 147
196 147
197 147
198 147
199 147
200 147
201 147
202 147
203 147
204 147
205 147
206 147
207 147
208 147
209 147
210 147
211 147
212 147
213 147
214 147
215 147
216 147
217 147
218 147
219 147
220 147
221 147
222 147
223 147
224 147
225 147
226 147
227 147
228 147
229 147
230 147
231 147
232 147
233 147
234 147
235 147
236 147
237 147
238 147
239 147
240 147
241 147
242 147
243 147
244 147
245 147
246 147
247 147
248 147
249 147
250 147
251 147
252 147
253 147
254 147
255 147
256 147
257 147
258 147
259 147
260 147
261 147
262 147
263 147
264 147
139 146
140 146
141 146
142 146
143 146
144 146
145 146
146 146
147 146
148 146
149 146
150 146
151 146
152 146
153 146
154 146
155 146
156 146
157 146
158 146
159 146
160 146
161 146
162 146
163 146
164 146
165 146
166 146
167 146
168 146
169 146
170 146
171 146
172 146
173 146
174 146
175 146
176 146
177 146
178 146
179 146
180 146
181 146
182 146
183 146
184 146
185 146
186 146
187 146
188 146
189 146
190 146
191 146
192 146
193 146
194 146
195 146
196 146
197 146
198 146
199 146
200 146
201 146
202 146
203 146
204 146
205 146
206 146
207 146
208 146
209 146
210 146
211 146
212 146
213 146
214 146
215 146
216 146
217 146
218 146
219 146
220 146
221 146
222 146
223 146
224 146
225 146
226 146
227 146
228 146
229 146
230 146
231 146
232 146
233 146
234 146
235 146
236 146
237 146
238 146
239 146
240 146
241 146
242 146
243 146
244 146
245 146
246 146
247 146
248 146
249 146
250 146
251 146
252 146
253 146
254 146
255 146
256 146
257 146
258 146
259 146
260 146
261 146
134 145
135 145
136 145
137 145
138 145
139 145
140 145
141 145
142 145
143 145
144 145
145 145
146 145
147 145
148 145
149 145
150 145
151 145
152 145
153 145
154 145
155 145
156 145
157 145
158 145
159 145
160 145
161 145
162 145
163 145
164 145
165 145
166 145
167 145
168 145
169 145
170 145
171 145
172 145
173 145
174 145
175 145
176 145
177 145
178 145
179 145
180 145
181 145
182 145
183 145
184 145
185 145
186 145
187 145
188 145
189 145
190 145
191 145
192 145
193 145
194 145
195 145
196 145
197 145
198 145
199 145
200 145
201 145
202 145
203 145
204 145
205 145
206 145
207 145
208 145
209 145
210 145
211 145
212 145
213 145
214 145
215 145
216 145
217 145
218 145
219 145
220 145
221 145
222 145
223 145
224 145
225 145
226 145
227 145
228 145
229 145
230 145
231 145
232 145
233 145
234 145
235 145
236 145
237 145
238 145
239 145
240 145
241 145
242 145
243 145
244 145
245 145
246 145
247 145
248 145
249 145
250 145
251 145
252 145
253 145
254 145
255 145
256 145
257 145
258 145
259 145
129 144
130 144
131 144
132 144
133 144
134 144
135 144
136 144
137 144
138 144
139 144
140 144
141 144
142 144
143 144
144 144
145 144
146 144
147 144
148 144
149 144
150 144
151 144
152 144
153 144
154 144
155 144
156 144
157 144
158 144
159 144
160 144
161 144
162 144
163 144
164 144
165 144
166 144
167 144
168 144
169 144
170 144
171 144
172 144
173 144
174 144
175 144
176 144
177 144
178 144
179 144
180 144
181 144
182 144
183 144
184 144
185 144
186 144
187 144
188 144
189 144
190 144
191 144
192 144
193 144
194 144
195 144
196 144
197 144
198 144
199 144
200 144
201 144
202 144
203 144
204 144
205 144
206 144
207 144
208 144
209 144
210 144
211 144
212 144
213 144
214 144
215 144
216 144
217 144
218 144
219 144
220 144
221 144
222 144
223 144
224 144
225 144
226 144
227 144
228 144
229 144
230 144
231 144
232 144
233 144
234 144
235 144
236 144
237 144
238 144
239 144
240 144
241 144
242 144
243 144
244 144
245 144
246 144
247 144
248 144
249 144
250 144
251 144
252 144
253 144
254 144
255 144
256 144
125 143
126 143
127 143
128 143
129 143
130 143
131 143
132 143
133 143
134 143
135 143
136 143
137 143
138 143
139 143
140 143
141 143
142 143
143 143
144 143
145 143
146 143
147 143
148 143
149 143
150 143
151 143
152 143
153 143
154 143
155 143
156 143
157 143
158 143
159 143
160 143
161 143
162 143
163 143
164 143
165 143
166 143
167 143
168 143
169 143
170 143
171 143
172 143
173 143
174 143
175 143
176 143
177 143
178 143
179 143
180 143
181 143
182 143
183 143
184 143
185 143
186 143
187 143
188 143
189 143
190 143
191 143
192 143
193 143
194 143
195 143
196 143
197 143
198 143
199 143
200 143
201 143
202 143
203 143
204 143
205 143
206 143
207 143
208 143
209 143
210 143
211 143
212 143
213 143
214 143
215 143
216 143
217 143
218 143
219 143
220 143
221 143
222 143
223 143
224 143
225 143
226 143
227 143
228 143
229 143
230 143
231 143
232 143
233 143
234 143
235 143
236 143
237 143
238 143
239 143
240 143
241 143
242 143
243 143
244 143
245 143
246 143
247 143
248 143
249 143
250 143
251 143
252 143
253 143
122 142
123 142
124 142
125 142
126 142
127 142
128 142
129 142
130 142
131 142
132 142
133 142
134 142
135 142
136 142
137 142
138 142
139 142
140 142
141 142
142 142
143 142
144 142
145 142
146 142
147 142
148 142
149 142
150 142
151 142
152 142
153 142
154 142
155 142
156 142
157 142
158 142
159 142
160 142
161 142
162 142
163 142
164 142
165 142
166 142
167 142
168 142
169 142
170 142
171 142
172 142
173 142
174 142
175 142
176 142
177 142
178 142
179 142
180 142
181 142
182 142
183 142
184 142
185 142
186 142
187 142
188 142
189 142
190 142
191 142
192 142
193 142
194 142
195 142
196 142
197 142
198 142
199 142
200 142
201 142
202 142
203 142
204 142
205 142
206 142
207 142
208 142
209 142
210 142
211 142
212 142
213 142
214 142
215 142
216 142
217 142
218 142
219 142
220 142
221 142
222 142
223 142
224 142
225 142
226 142
227 142
228 142
229 142
230 142
231 142
232 142
233 142
234 142
235 142
236 142
237 142
238 142
239 142
240 142
241 142
242 142
243 142
244 142
245 142
246 142
247 142
248 142
249 142
250 142
120 141
121 141
122 141
123 141
124 141
125 141
126 141
127 141
128 141
129 141
130 141
131 141
132 141
133 141
134 141
135 141
136 141
137 141
138 141
139 141
140 141
141 141
142 141
143 141
144 141
145 141
146 141
147 141
148 141
149 141
150 141
151 141
152 141
153 141
154 141
155 141
156 141
157 141
158 141
159 141
160 141
161 141
162 141
163 141
164 141
165 141
166 141
167 141
168 141
169 141
170 141
171 141
172 141
173 141
174 141
175 141
176 141
177 141
178 141
179 141
180 141
181 141
182 141
183 141
184 141
185 141
186 141
187 141
188 141
189 141
190 141
191 141
192 141
193 141
194 141
195 141
196 141
197 141
198 141
199 141
200 141
201 141
202 141
203 141
204 141
205 141
206 141
207 141
208 141
209 141
210 141
211 141
212 141
213 141
214 141
215 141
216 141
217 141
218 141
219 141
220 141
221 141
222 141
223 141
224 141
225 141
226 141
227 141
228 141
229 141
230 141
231 141
232 141
233 141
234 141
235 141
236 141
237 141
238 141
239 141
240 141
241 141
242 141
243 141
244 141
245 141
246 141
247 141
118 140
119 140
120 140
121 140
122 140
123 140
124 140
125 140
126 140
127 140
128 140
129 140
130 140
131 140
132 140
133 140
134 140
135 140
136 140
137 140
138 140
139 140
140 140
141 140
142 140
143 140
144 140
145 140
146 140
147 140
148 140
149 140
150 140
151 140
152 140
153 140
154 140
155 140
156 140
157 140
158 140
159 140
160 140
161 140
162 140
163 140
164 140
165 140
166 140
167 140
168 140
169 140
170 140
171 140
172 140
173 140
174 140
175 140
176 140
177 140
178 140
179 140
180 140
181 140
182 140
183 140
184 140
185 140
186 140
187 140
188 140
189 140
190 140
191 140
192 140
193 140
194 140
195 140
196 140
197 140
198 140
199 140
200 140
201 140
202 140
203 140
204 140
205 140
206 140
207 140
208 140
209 140
210 140
211 140
212 140
213 140
214 140
215 140
216 140
217 140
218 140
219 140
220 140
221 140
222 140
223 140
224 140
225 140
226 140
227 140
228 140
229 140
230 140
231 140
232 140
233 140
234 140
235 140
236 140
237 140
238 140
239 140
240 140
241 140
242 140
243 140
244 140
116 139
117 139
118 139
119 139
120 139
121 139
122 139
123 139
124 139
125 139
126 139
127 139
128 139
129 139
130 139
131 139
132 139
133 139
134 139
135 139
136 139
137 139
138 139
139 139
140 139
141 139
142 139
143 139
144 139
145 139
146 139
147 139
148 139
149 139
150 139
151 139
152 139
153 139
154 139
155 139
156 139
157 139
158 139
159 139
160 139
161 139
162 139
163 139
164 139
165 139
166 139
167 139
168 139
169 139
170 139
171 139
172 139
173 139
174 139
175 139
176 139
177 139
178 139
179 139
180 139
181 139
182 139
183 139
184 139
185 139
186 139
187 139
188 139
189 139
190 139
191 139
192 139
193 139
194 139
195 139
196 139
197 139
198 139
199 139
200 139
201 139
202 139
203 139
204 139
205 139
206 139
207 139
208 139
209 139
210 139
211 139
212 139
213 139
214 139
215 139
216 139
217 139
218 139
219 139
220 139
221 139
222 139
223 139
224 139
225 139
226 139
227 139
228 139
229 139
230 139
231 139
232 139
233 139
234 139
235 139
236 139
237 139
238 139
239 139
240 139
241 139
115 138
116 138
117 138
118 138
119 138
120 138
121 138
122 138
123 138
124 138
125 138
126 138
127 138
128 138
129 138
130 138
131 138
132 138
133 138
134 138
135 138
136 138
137 138
138 138
139 138
140 138
141 138
142 138
143 138
144 138
145 138
146 138
147 138
148 138
149 138
150 138
151 138
152 138
153 138
154 138
155 138
156 138
157 138
158 138
159 138
160 138
161 138
162 138
163 138
164 138
165 138
166 138
167 138
168 138
169 138
170 138
171 138
172 138
173 138
174 138
175 138
176 138
177 138
178 138
179 138
180 138
181 138
182 138
183 138
184 138
185 138
186 138
187 138
188 138
189 138
190 138
191 138
192 138
193 138
194 138
195 138
196 138
197 138
198 138
199 138
200 138
201 138
202 138
203 138
204 138
205 138
206 138
207 138
208 138
209 138
210 138
211 138
212 138
213 138
214 138
215 138
216 138
217 138
218 138
219 138
220 138
221 138
222 138
223 138
224 138
225 138
226 138
227 138
228 138
229 138
230 138
231 138
232 138
233 138
234 138
235 138
236 138
237 138
238 138
115 137
116 137
117 137
118 137
119 137
120 137
121 137
122 137
123 137
124 137
125 137
126 137
127 137
128 137
129 137
130 137
131 137
132 137
133 137
134 137
135 137
136 137
137 137
138 137
139 137
140 137
141 137
142 137
143 137
144 137
145 137
146 137
147 137
148 137
149 137
150 137
151 137
152 137
153 137
154 137
155 137
156 137
157 137
158 137
159 137
160 137
161 137
162 137
163 137
164 137
165 137
166 137
167 137
168 137
169 137
170 137
171 137
172 137
173 137
174 137
175 137
176 137
177 137
178 137
179 137
180 137
181 137
182 137
183 137
184 137
185 137
186 137
187 137
188 137
189 137
190 137
191 137
192 137
193 137
194 137
195 137
196 137
197 137
198 137
199 137
200 137
201 137
202 137
203 137
204 137
205 137
206 137
207 137
208 137
209 137
210 137
211 137
212 137
213 137
214 137
215 137
216 137
217 137
218 137
219 137
220 137
221 137
222 137
223 137
224 137
225 137
226 137
227 137
228 137
229 137
230 137
231 137
232 137
233 137
234 137
114 136
115 136
116 136
117 136
118 136
119 136
120 136
121 136
122 136
123 136
124 136
125 136
126 136
127 136
128 136
129 136
130 136
131 136
132 136
133 136
134 136
135 136
136 136
137 136
138 136
139 136
140 136
141 136
142 136
143 136
144 136
145 136
146 136
147 136
148 136
149 136
150 136
151 136
152 136
153 136
154 136
155 136
156 136
157 136
158 136
159 136
160 136
161 136
162 136
163 136
164 136
165 136
166 136
167 136
168 136
169 136
170 136
171 136
172 136
173 136
174 136
175 136
176 136
177 136
178 136
179 136
180 136
181 136
182 136
183 136
184 136
185 136
186 136
187 136
188 136
189 136
190 136
191 136
192 136
193 136
194 136
195 136
196 136
197 136
198 136
199 136
200 136
201 136
202 136
203 136
204 136
205 136
206 136
207 136
208 136
209 136
210 136
211 136
212 136
213 136
214 136
215 136
216 136
217 136
218 136
219 136
220 136
221 136
222 136
223 136
224 136
225 136
226 136
227 136
228 136
229 136
230 136
231 136
114 135
115 135
116 135
117 135
118 135
119 135
120 135
121 135
122 135
123 135
124 135
125 135
126 135
127 135
128 135
129 135
130 135
131 135
132 135
133 135
134 135
135 135
136 135
137 135
138 135
139 135
140 135
141 135
142 135
143 135
144 135
145 135
146 135
147 135
148 135
149 135
150 135
151 135
152 135
153 135
154 135
155 135
156 135
157 135
158 135
159 135
160 135
161 135
162 135
163 135
164 135
165 135
166 135
167 135
168 135
169 135
170 135
171 135
172 135
173 135
174 135
175 135
176 135
177 135
178 135
179 135
180 135
181 135
182 135
183 135
184 135
185 135
186 135
187 135
188 135
189 135
190 135
191 135
192 135
193 135
194 135
195 135
196 135
197 135
198 135
199 135
200 135
201 135
202 135
203 135
204 135
205 135
206 135
207 135
208 135
209 135
210 135
211 135
212 135
213 135
214 135
215 135
216 135
217 135
218 135
219 135
220 135
221 135
222 135
223 135
224 135
225 135
226 135
227 135
228 135
114 134
115 134
116 134
117 134
118 134
119 134
120 134
121 134
122 134
123 134
124 134
125 134
126 134
127 134
128 134
129 134
130 134
131 134
132 134
133 134
134 134
135 134
136 134
137 134
138 134
139 134
140 134
141 134
142 134
143 134
144 134
145 134
146 134
147 134
148 134
149 134
150 134
151 134
152 134
153 134
154 134
155 134
156 134
157 134
158 134
159 134
160 134
161 134
162 134
163 134
164 134
165 134
166 134
167 134
168 134
169 134
170 134
171 134
172 134
173 134
174 134
175 134
176 134
177 134
178 134
179 134
180 134
181 134
182 134
183 134
184 134
185 134
186 134
187 134
188 134
189 134
190 134
191 134
192 134
193 134
194 134
195 134
196 134
197 134
198 134
199 134
200 134
201 134
202 134
203 134
204 134
205 134
206 134
207 134
208 134
209 134
210 134
211 134
212 134
213 134
214 134
215 134
216 134
217 134
218 134
219 134
220 134
221 134
222 134
223 134
224 134
115 133
116 133
117 133
118 133
119 133
120 133
121 133
122 133
123 133
124 133
125 133
126 133
127 133
128 133
129 133
130 133
131 133
132 133
133 133
134 133
135 133
136 133
137 133
138 133
139 133
140 133
141 133
142 133
143 133
144 133
145 133
146 133
147 133
148 133
149 133
150 133
151 133
152 133
153 133
154 133
155 133
156 133
157 133
158 133
159 133
160 133
161 133
162 133
163 133
164 133
165 133
166 133
167 133
168 133
169 133
170 133
171 133
172 133
173 133
174 133
175 133
176 133
177 133
178 133
179 133
180 133
181 133
182 133
183 133
184 133
185 133
186 133
187 133
188 133
189 133
190 133
191 133
192 133
193 133
194 133
195 133
196 133
197 133
198 133
199 133
200 133
201 133
202 133
203 133
204 133
205 133
206 133
207 133
208 133
209 133
210 133
211 133
212 133
213 133
214 133
215 133
216 133
217 133
218 133
219 133
220 133
221 133
115 132
116 132
117 132
118 132
119 132
120 132
121 132
122 132
123 132
124 132
125 132
126 132
127 132
128 132
129 132
130 132
131 132
132 132
133 132
134 132
135 132
136 132
137 132
138 132
139 132
140 132
141 132
142 132
143 132
144 132
145 132
146 132
147 132
148 132
149 132
150 132
151 132
152 132
153 132
154 132
155 132
156 132
157 132
158 132
159 132
160 132
161 132
162 132
163 132
164 132
165 132
166 132
167 132
168 132
169 132
170 132
171 132
172 132
173 132
174 132
175 132
176 132
177 132
178 132
179 132
180 132
181 132
182 132
183 132
184 132
185 132
186 132
187 132
188 132
189 132
190 132
191 132
192 132
193 132
194 132
195 132
196 132
197 132
198 132
199 132
200 132
201 132
202 132
203 132
204 132
205 132
206 132
207 132
208 132
209 132
210 132
211 132
212 132
213 132
214 132
215 132
216 132
217 132
116 131
117 131
118 131
119 131
120 131
121 131
122 131
123 131
124 131
125 131
126 131
127 131
128 131
129 131
130 131
131 131
132 131
133 131
134 131
135 131
136 131
137 131
138 131
139 131
140 131
141 131
142 131
143 131
144 131
145 131
146 131
147 131
148 131
149 131
150 131
151 131
152 131
153 131
154 131
155 131
156 131
157 131
158 131
159 131
160 131
161 131
162 131
163 131
164 131
165 131
166 131
167 131
168 131
169 131
170 131
171 131
172 131
173 131
174 131
175 131
176 131
177 131
178 131
179 131
180 131
181 131
182 131
183 131
184 131
185 131
186 131
187 131
188 131
189 131
190 131
191 131
192 131
193 131
194 131
195 131
196 131
197 131
198 131
199 131
200 131
201 131
202 131
203 131
204 131
205 131
206 131
207 131
208 131
209 131
210 131
211 131
212 131
213 131
214 131
117 130
118 130
119 130
120 130
121 130
122 130
123 130
124 130
125 130
126 130
127 130
128 130
129 130
130 130
131 130
132 130
133 130
134 130
135 130
136 130
137 130
138 130
139 130
140 130
141 130
142 130
143 130
144 130
145 130
146 130
147 130
148 130
149 130
150 130
151 130
152 130
153 130
154 130
155 130
156 130
157 130
158 130
159 130
160 130
161 130
162 130
163 130
164 130
165 130
166 130
167 130
168 130
169 130
170 130
171 130
172 130
173 130
174 130
175 130
176 130
177 130
178 130
179 130
180 130
181 130
182 130
183 130
184 130
185 130
186 130
187 130
188 130
189 130
190 130
191 130
192 130
193 130
194 130
195 130
196 130
197 130
198 130
199 130
200 130
201 130
202 130
203 130
204 130
205 130
206 130
207 130
208 130
209 130
210 130
118 129
119 129
120 129
121 129
122 129
123 129
124 129
125 129
126 129
127 129
128 129
129 129
130 129
131 129
132 129
133 129
134 129
135 129
136 129
137 129
138 129
139 129
140 129
141 129
142 129
143 129
144 129
145 129
146 129
147 129
148 129
149 129
150 129
151 129
152 129
153 129
154 129
155 129
156 129
157 129
158 129
159 129
160 129
161 129
162 129
163 129
164 129
165 129
166 129
167 129
168 129
169 129
170 129
171 129
172 129
173 129
174 129
175 129
176 129
177 129
178 129
179 129
180 129
181 129
182 129
183 129
184 129
185 129
186 129
187 129
188 129
189 129
190 129
191 129
192 129
193 129
194 129
195 129
196 129
197 129
198 129
199 129
200 129
201 129
202 129
203 129
204 129
205 129
206 129
120 128
121 128
122 128
123 128
124 128
125 128
126 128
127 128
128 128
129 128
130 128
131 128
132 128
133 128
134 128
135 128
136 128
137 128
138 128
139 128
140 128
141 128
142 128
143 128
144 128
145 128
146 128
147 128
148 128
149 128
150 128
151 128
152 128
153 128
154 128
155 128
156 128
157 128
158 128
159 128
160 128
161 128
162 128
163 128
164 128
165 128
166 128
167 128
168 128
169 128
170 128
171 128
172 128
173 128
174 128
175 128
176 128
177 128
178 128
179 128
180 128
181 128
182 128
183 128
184 128
185 128
186 128
187 128
188 128
189 128
190 128
191 128
192 128
193 128
194 128
195 128
196 128
197 128
198 128
199 128
200 128
201 128
202 128
122 127
123 127
124 127
125 127
126 127
127 127
128 127
129 127
130 127
131 127
132 127
133 127
134 127
135 127
136 127
137 127
138 127
139 127
140 127
141 127
142 127
143 127
144 127
145 127
146 127
147 127
148 127
149 127
150 127
151 127
152 127
153 127
154 127
155 127
156 127
157 127
158 127
159 127
160 127
161 127
162 127
163 127
164 127
165 127
166 127
167 127
168 127
169 127
170 127
171 127
172 127
173 127
174 127
175 127
176 127
177 127
178 127
179 127
180 127
181 127
182 127
183 127
184 127
185 127
186 127
187 127
188 127
189 127
190 127
191 127
192 127
193 127
194 127
195 127
196 127
197 127
125 126
126 126
127 126
128 126
129 126
130 126
131 126
132 126
133 126
134 126
135 126
136 126
137 126
138 126
139 126
140 126
141 126
142 126
143 126
144 126
145 126
146 126
147 126
148 126
149 126
150 126
151 126
152 126
153 126
154 126
155 126
156 126
157 126
158 126
159 126
160 126
161 126
162 126
163 126
164 126
165 126
166 126
167 126
168 126
169 126
170 126
171 126
172 126
173 126
174 126
175 126
176 126
177 126
178 126
179 126
180 126
181 126
182 126
183 126
184 126
185 126
186 126
187 126
188 126
189 126
190 126
191 126
192 126
193 126
127 125
128 125
129 125
130 125
131 125
132 125
133 125
134 125
135 125
136 125
137 125
138 125
139 125
140 125
141 125
142 125
143 125
144 125
145 125
146 125
147 125
148 125
149 125
150 125
151 125
152 125
153 125
154 125
155 125
156 125
157 125
158 125
159 125
160 125
161 125
162 125
163 125
164 125
165 125
166 125
167 125
168 125
169 125
170 125
171 125
172 125
173 125
174 125
175 125
176 125
177 125
178 125
179 125
180 125
181 125
182 125
183 125
184 125
185 125
186 125
187 125
188 125
131 124
132 124
133 124
134 124
135 124
136 124
137 124
138 124
139 124
140 124
141 124
142 124
143 124
144 124
145 124
146 124
147 124
148 124
149 124
150 124
151 124
152 124
153 124
154 124
155 124
156 124
157 124
158 124
159 124
160 124
161 124
162 124
163 124
164 124
165 124
166 124
167 124
168 124
169 124
170 124
171 124
172 124
173 124
174 124
175 124
176 124
177 124
178 124
179 124
180 124
181 124
182 124
183 124
136 123
137 123
138 123
139 123
140 123
141 123
142 123
143 123
144 123
145 123
146 123
147 123
148 123
149 123
150 123
151 123
152 123
153 123
154 123
155 123
156 123
157 123
158 123
159 123
160 123
161 123
162 123
163 123
164 123
165 123
166 123
167 123
168 123
169 123
170 123
171 123
172 123
173 123
174 123
175 123
176 123
177 123
143 122
144 122
145 122
146 122
147 122
148 122
149 122
150 122
151 122
152 122
153 122
154 122
155 122
156 122
157 122
158 122
159 122
160 122
161 122
162 122
163 122
164 122
165 122
166 122
167 122
168 122
169 122
